21.40
21.00
22.60
26.10
82.60
77.50
62.60
47.80
54.60
63.70
63.80
33.10
21.80
19.00
18.10
38.40
56.10
75.90
70.50
38.50
26.80
25.80
31.30
42.70
58.10
61.30
84.40
93.90
93.10
92.40
109.70
118.50
124.70
126.40
135.50
140.40
150.00
112.10
142.10
159.40
177.70
189.30
194.30
196.30
184.20
178.50
132.80
119.70
118.60
114.20
69.50
30.80
16.20
4.50
0.00
0.00
0.00
0.00
0.00
0.00
24.70
31.60
7.90
0.00
0.00
0.00
0.00
0.00
0.00
0.00
0.00
0.00
14.30
20.20
18.60
18.80
20.40
23.00
26.60
30.50
32.10
61.90
81.90
109.70
119.20
120.10
95.20
100.80
105.00
106.00
104.80
105.00
102.00
102.30
106.90
63.80
88.60
96.80
102.40
102.50
114.60
130.90
156.80
182.80
228.90
280.50
281.90
286.60
291.90
281.50
280.90
279.00
278.30
281.30
275.70
264.30
259.90
0.00
172.70
280.40
280.00
290.60
295.00
291.40
296.90
293.10
70.00
17.60
0.00
0.00
0.00
0.00
0.00
0.00
0.00
0.00
0.00
0.00
0.00
0.00
0.00
0.00
0.00
0.00
0.00
0.00
35.10
25.00
11.00
0.00
0.00
0.00
0.00
128.10
171.30
0.00
0.00
0.00
0.00
0.00
0.00
74.40
193.90
258.70
255.70
252.70
249.70
248.30
247.20
230.60
77.20
87.20
254.90
271.60
280.80
283.20
291.80
295.50
290.30
287.20
160.30
20.40
0.00
0.00
0.00
0.00
0.00
0.00
0.00
0.00
0.00
0.00
0.00
0.00
0.00
0.00
0.00
135.50
64.30
0.00
0.00
0.00
0.00
0.00
0.00
0.00
0.00
0.00
0.00
0.00
0.00
0.00
0.00
0.00
0.00
0.00
0.00
0.00
0.00
0.00
0.00
0.00
0.00
0.00
0.00
0.00
0.00
0.00
0.00
0.00
0.00
0.00
12.40
18.70
20.30
1.30
0.00
11.50
19.40
29.00
40.20
33.60
36.70
62.20
108.60
173.20
235.00
284.00
264.30
254.40
244.10
226.00
75.70
174.90
269.00
270.70
275.10
277.90
275.40
268.00
254.40
249.90
240.10
226.50
79.30
182.80
259.10
274.80
285.20
287.80
286.70
290.80
288.00
283.10
283.40
278.70
277.20
266.30
59.70
12.70
0.00
0.00
0.00
0.00
0.00
0.00
0.00
0.00
0.00
0.00
0.00
0.00
0.00
0.00
0.00
0.00
0.00
0.00
0.00
0.00
0.00
0.00
0.00
0.00
0.00
0.00
0.00
0.00
0.00
0.00
0.00
0.60
30.70
58.20
75.10
50.90
48.50
51.80
53.60
57.20
60.50
60.80
60.00
108.90
168.10
239.00
254.90
255.30
251.50
247.60
245.10
244.40
229.10
226.30
71.30
248.80
265.90
272.70
274.90
275.60
271.30
274.70
269.10
270.30
269.60
202.50
20.30
0.00
0.00
0.00
0.00
0.00
0.00
0.00
0.00
0.00
0.00
0.00
0.00
0.00
0.00
0.00
0.00
0.00
0.00
0.00
0.00
0.00
0.00
0.00
0.00
20.70
43.70
68.70
58.70
31.80
31.30
39.70
46.90
52.00
52.80
60.30
58.80
74.70
65.80
59.70
82.00
82.00
82.00
68.40
70.10
70.50
83.00
81.50
82.70
80.30
81.00
110.30
105.50
112.30
117.60
122.90
132.50
150.90
164.40
96.40
82.40
74.10
81.30
82.70
38.40
47.40
72.30
86.80
53.50
44.50
41.10
40.50
42.20
39.90
39.10
37.90
37.40
37.00
34.90
30.90
27.00
26.20
25.00
24.40
23.30
23.10