744.50
752.50
737.50
735.00
986.00
1329.00
1334.50
1206.50
1190.00
1324.00
1330.00
1334.50
1167.00
1066.00
959.50
827.00
895.50
1091.00
1280.00
1133.50
1001.50
811.50
750.00
697.00
873.00
1000.50
1125.50
1231.50
1227.50
1170.50
1354.50
1431.50
1454.00
1544.50
1634.00
1742.00
1993.50
1830.00
1653.00
1578.50
1573.00
1599.50
1723.50
1791.00
1855.00
1989.00
1860.00
1687.00
1496.00
1478.00
1490.00
1474.50
1477.00
1475.50
1467.50
1439.50
1405.50
1372.00
1346.50
1314.00
1301.50
1519.00
1680.00
1567.50
1497.00
1426.00
1335.00
1302.00
1266.00
1131.00
1053.50
970.00
1011.50
983.50
910.50
782.50
741.00
711.50
745.00
784.00
760.00
993.00
1154.00
1266.00
1363.00
1342.50
1238.50
1420.50
1469.50
1537.00
1669.50
1737.00
1794.50
1974.50
1974.00
1681.00
1425.50
1437.50
1431.50
1431.00
1550.50
2006.50
2386.50
2679.50
2827.50
3286.50
3495.00
3701.50
4109.00
4276.50
4479.50
4848.00
5014.00
5190.00
5357.00
5631.50
5753.50
5688.00
4091.50
4014.00
4060.50
4233.50
4336.00
4414.00
4590.50
4647.50
4577.00
4559.00
4560.50
4542.00
4457.00
4398.50
4317.50
4169.00
4094.50
4033.00
3872.50
3820.50
3758.00
3661.50
3636.00
3620.50
3569.00
3545.50
3524.00
3524.00
3539.50
3435.50
3413.00
3422.00
3384.50
3352.00
3327.50
3618.00
5074.50
4961.00
4957.00
4877.00
4835.50
4797.00
4740.50
4850.50
4796.00
5164.00
5313.50
5464.50
5758.00
5893.50
6031.00
6267.00
5748.00
4688.00
4304.50
4373.00
4453.50
4595.50
4692.50
4759.50
4906.00
4991.50
5010.50
4825.50
4725.00
4647.50
4450.00
4344.50
4247.50
4020.00
3928.50
3839.00
3663.00
3582.00
3497.50
3356.50
3288.00
3211.50
3105.50
3782.50
4532.50
4397.00
4305.50
4212.00
4062.00
4002.00
3940.00
3860.50
3825.50
3783.50
3709.00
3674.50
3637.00
3564.00
3532.00
3497.00
3400.50
3356.50
3300.50
3200.00
3158.00
3111.00
3026.50
2988.50
2947.00
2885.00
2849.00
2819.00
2761.50
2729.00
2697.50
2634.00
2605.50
2570.50
2542.00
2553.50
2526.00
2469.50
2453.00
2431.00
2446.50
2395.50
2436.00
2450.00
2453.00
2477.00
3233.50
3739.50
4205.00
4574.50
5305.00
5698.00
5991.50
5692.50
4653.00
4299.00
4402.00
4746.50
4916.50
5102.00
5419.00
5575.00
5726.00
6015.50
6155.00
6280.00
4980.00
4311.50
4299.00
4449.00
4522.50
4595.50
4761.00
4834.00
4914.50
5051.00
5128.00
5186.50
5323.50
5358.00
5388.50
5192.00
5179.50
5170.50
5141.00
5107.00
5054.00
4910.50
4842.50
4747.50
4545.50
4430.00
4324.00
4198.50
3973.50
3860.00
3766.00
3597.00
3510.00
3424.00
3313.00
3292.50
3259.50
3212.00
3190.50
3167.50
3126.00
3124.50
3093.00
3055.00
3032.50
3019.00
2987.50
2984.50
3028.00
3011.50
2968.00
3014.00
3002.00
3015.50
3191.00
3613.00
3842.00
4058.50
4455.00
4617.50
4650.50
4951.00
5077.50
5226.50
5532.00
5684.00
5826.00
6113.50
6234.00
6260.00
4415.50
4281.50
4346.00
4479.50
4566.00
4628.00
4800.00
4859.00
4924.50
5064.00
5124.50
5176.00
5019.00
4963.50
4934.00
4847.00
4800.00
4748.00
4592.00
4516.50
4433.00
4252.00
4124.50
3910.00
3415.00
3178.00
2944.50
2482.00
2396.00
2353.00
2235.50
2195.00
2130.00
1979.00
1866.00
1734.00
1517.50
1593.50
1567.50
1575.00
1499.00
1494.50
1326.00
1298.00
1270.50
1198.50
1214.50
1196.50
1206.00
1203.00
1183.50
1199.00
1207.50
1196.00
1196.50
1198.00
1193.00
1204.00
1196.00
1202.50
1194.50
1198.50
1203.50
1198.50
1209.00
1220.00
1220.50
1241.00
1526.50
2134.00
2037.50
2056.00
2086.50
2099.00
2094.50
2094.00
2102.00
2149.00
2160.00
2100.50
2106.00
2109.00
2096.50
2096.00
2076.50
2078.00
2070.00
2065.50
2058.50
2055.50
2070.00
2041.50
2036.50
2030.00
2019.00
2011.50
2007.00
1995.00